79105001  Alexander  100  100  100  100 100
79105002  Mia        67   77   75   92   80
79105003  Mason      37   60   71   52   75
79105004  Evelyn     79   61   82   70   75
79105005  Michael    77   60   75   55   60
79105006  Harper     88   66   75   45   70
79105007  Ethan      43   79   64   18   65
79105008  Camila     45   46   75   98   90
79105009  Jacob      99   96   95   99   86
79105010  Abigail    40   25   37   27   45
79105011  Jackson    70   95   96   68   70
79105012  Luna       34   58   52   45   55
79105013  Levi       99   69   77   60   75
79105014  Ella       81   45   46   75   85
79105015  Sebastian  29   37   40   20   45
79105016  Elizabeth  95   97   90   95   90